日志：
程序运行时间（北京时间）：2023-03-08 12:10:46
2023-03-08_12时10分46秒
12:11:25
正在使用参考厚度法进行解析解求解
傅里叶级数解（傅里叶级数取前1000项)，分配CPU核心1个
相对空间差分步长：0.01相对时间差分步长：0.05
空间差分步长：1.0 时间差分步长：0.5
压力扩散系数:1
计算完毕，用时0.26274469999953秒
12:11:35
正在进行数值解求解
相对空间差分步长：0.01相对时间差分步长：0.05
空间差分步长：1.0 时间差分步长：0.5
压力扩散系数:1
计算完毕，用时0.045318300000872114秒
12:11:37
正在使用平方法进行解析解求解
傅里叶级数解（傅里叶级数取前1000项)，分配CPU核心1个
相对空间差分步长：0.01相对时间差分步长：0.05
空间差分步长：1.0 时间差分步长：0.5
压力扩散系数:1
计算完毕，用时0.2777213999997912秒
第6时刻数值解绘图，当前时刻各点解值为：
[39.         38.51136149 38.0186468  37.52470244 37.0325242  36.54519221
 36.0657958  35.59735186 35.1427215  34.70453051 34.28509867 33.88638277
 33.50993656 33.15688941 32.82794396 32.52339117 32.24314026 31.98675997
 31.75352761 31.54248188 31.35247651 31.18223171 31.0303816  30.89551621
 30.77621738 30.67108816 30.57877623 30.49799136 30.42751796 30.36622302
 30.31306056 30.26707289 30.22738968 30.19322513 30.16387397 30.13870645
 30.11716286 30.0987478  30.08302426 30.0696079  30.05816146 30.04838941
 30.04003296 30.03286537 30.02668757 30.0213242  30.01661979 30.01243543
 30.0086455  30.00513471 30.00179533 29.99852448 29.99522162 29.991786
 29.98811422 29.98409771 29.97962021 29.97455514 29.96876286 29.96208778
 29.95435533 29.94536871 29.93490543 29.92271364 29.90850827 29.89196689
 29.8727254  29.85037357 29.82445036 29.79443922 29.75976336 29.71978103
 29.67378101 29.62097832 29.56051042 29.49143383 29.41272162 29.32326166
 29.22185604 29.10722168 28.97799251 28.83272323 28.66989502 28.48792331
 28.28516791 28.05994566 27.81054586 27.53524888 27.2323481  26.90017581
 26.53713344 26.14172688 25.71260781 25.24862202 24.74886628 24.21275546
 23.64010195 23.03120993 22.38698685 21.70907444 21.        ]
第6时刻参考厚度法解析解解绘图，当前时刻各点解值为：
[39.00000031 38.99132351 38.67756411 37.32786915 35.158697   33.09469893
 31.64182279 30.79523728 30.3610791  30.15841227 30.07064121 30.03484512
 30.02078569 30.01520535 30.01274575 30.01139859 30.01046048 30.00969701
 30.00903015 30.00843106 30.00788602 30.00738641 30.00692575 30.00649882
 30.00610128 30.00572948 30.00538034 30.00505121 30.00473984 30.00444424
 30.00416271 30.00389375 30.00363604 30.0033884  30.00314981 30.00291931
 30.00269609 30.00247936 30.00226846 30.00206274 30.00186162 30.00166457
 30.00147108 30.00128069 30.00109296 30.00090746 30.0007238  30.00054159
 30.00036047 30.00018006 30.         29.99981994 29.99963953 29.99945841
 29.9992762  29.99909254 29.99890704 29.99871931 29.99852892 29.99833543
 29.99813838 29.99793726 29.99773154 29.99752064 29.99730391 29.99708069
 29.99685019 29.9966116  29.99636396 29.99610625 29.99583729 29.99555576
 29.99526016 29.99494879 29.99461966 29.99427052 29.99389872 29.99350118
 29.99307425 29.99261359 29.99211398 29.99156894 29.99096985 29.99030299
 29.98953952 29.98860141 29.98725425 29.98479465 29.97921431 29.96515488
 29.92935879 29.84158773 29.6389209  29.20476272 28.35817721 26.90530107
 24.841303   22.67213085 21.32243589 21.00867649 20.99999969]
第6时刻平方法解析解绘图，当前时刻各点解值为：
[39.00000024 38.99232385 38.71371821 37.49164465 35.43940568 33.36970013
 31.83221256 30.90107702 30.4125091  30.18174375 30.08126237 30.04019436
 30.02405745 30.01765861 30.01484576 30.01331147 30.01224744 30.01138423
 30.0106322  30.00995818 30.00934643 30.00878705 30.00827261 30.0077971
 30.00735555 30.0069438  30.0065583  30.00619602 30.00585437 30.00553111
 30.00522427 30.00493216 30.00465327 30.00438626 30.00412997 30.00388333
 30.0036454  30.00341533 30.00319234 30.00297573 30.00276486 30.00255913
 30.002358   30.00216096 30.00196752 30.00177726 30.00158973 30.00140453
 30.00122128 30.0010396  30.00085912 30.0006795  30.00050036 30.00032137
 30.00014217 29.99996239 29.99978168 29.99959965 29.99941593 29.9992301
 29.99904173 29.99885038 29.99865556 29.99845675 29.9982534  29.99804489
 29.99783056 29.99760969 29.99738144 29.99714494 29.99689915 29.99664295
 29.99637505 29.99609397 29.99579804 29.99548531 29.99515351 29.99480002
 29.99442172 29.99401492 29.99357515 29.99309692 29.99257285 29.9919913
 29.99132772 29.99051575 29.98935603 29.9872504  29.9824906  29.97051656
 29.94003007 29.86516672 29.69160181 29.31634506 28.57045714 27.24285256
 25.23703299 22.9407742  21.38794716 21.01053303 20.99999956]